1.000000 4.000000 4.000000 4.000000 4.000000 4.000000 4.000000 3.000000 4.000000 5.000000 4.000000 18.92319 9.000000 11.00000 
2.000000 6.000000 5.000000 6.000000 6.000000 6.000000 7.000000 6.000000 5.000000 6.000000 5.000000 26.00913 13.00000 19.00000 
3.000000 3.000000 3.000000 2.000000 2.000000 3.000000 2.000000 3.000000 3.000000 3.000000 2.000000 18.29959 6.000000 8.000000 
4.000000 3.000000 3.000000 4.000000 3.000000 4.000000 4.000000 3.000000 3.000000 5.000000 4.000000 18.16987 5.000000 14.00000 
5.000000 3.000000 2.000000 3.000000 3.000000 3.000000 3.000000 3.000000 4.000000 4.000000 4.000000 24.44818 10.00000 7.000000 
6.000000 4.000000 5.000000 4.000000 5.000000 4.000000 4.000000 4.000000 4.000000 5.000000 4.000000 25.10097 7.000000 11.00000 
7.000000 5.000000 4.000000 4.000000 4.000000 4.000000 4.000000 4.000000 3.000000 3.000000 3.000000 23.38855 11.00000 12.00000 
8.000000 4.000000 3.000000 4.000000 4.000000 4.000000 4.000000 4.000000 6.000000 6.000000 5.000000 22.42656 8.000000 12.00000 
9.000000 4.000000 7.000000 6.000000 5.000000 4.000000 6.000000 4.000000 4.000000 4.000000 4.000000 21.00718 10.00000 14.00000 
10.00000 6.000000 5.000000 5.000000 5.000000 6.000000 6.000000 5.000000 5.000000 6.000000 5.000000 28.17383 12.00000 12.00000 
11.00000 4.000000 3.000000 3.000000 3.000000 3.000000 3.000000 3.000000 4.000000 4.000000 4.000000 23.95302 9.000000 10.00000 
12.00000 5.000000 4.000000 4.000000 5.000000 4.000000 4.000000 3.000000 3.000000 2.000000 2.000000 22.91531 7.000000 11.00000 
13.00000 4.000000 5.000000 3.000000 3.000000 3.000000 3.000000 2.000000 3.000000 5.000000 3.000000 23.39806 8.000000 11.00000 
14.00000 2.000000 3.000000 3.000000 3.000000 3.000000 2.000000 3.000000 3.000000 3.000000 3.000000 17.14899 9.000000 11.00000 
15.00000 4.000000 5.000000 4.000000 4.000000 4.000000 5.000000 5.000000 4.000000 4.000000 5.000000 18.72502 11.00000 12.00000 
16.00000 4.000000 4.000000 5.000000 4.000000 4.000000 4.000000 4.000000 4.000000 4.000000 3.000000 20.45283 9.000000 11.00000 
17.00000 4.000000 3.000000 3.000000 4.000000 4.000000 4.000000 3.000000 4.000000 4.000000 4.000000 20.88255 8.000000 12.00000 
18.00000 3.000000 4.000000 -99.0000 3.000000 3.000000 4.000000 3.000000 4.000000 4.000000 4.000000 18.77581 9.000000 13.00000 
19.00000 4.000000 3.000000 3.000000 4.000000 -99.0000 4.000000 5.000000 3.000000 -99.0000 4.000000 21.60024 12.00000 14.00000 
20.00000 2.000000 1.000000 3.000000 3.000000 2.000000 2.000000 3.000000 3.000000 3.000000 3.000000 20.88191 7.000000 4.000000 
21.00000 4.000000 4.000000 -99.0000 3.000000 -99.0000 4.000000 4.000000 6.000000 -99.0000 5.000000 26.13542 9.000000 14.00000 
22.00000 3.000000 3.000000 4.000000 4.000000 4.000000 3.000000 3.000000 3.000000 2.000000 3.000000 22.27909 8.000000 6.000000 
23.00000 -99.0000 4.000000 4.000000 4.000000 5.000000 4.000000 4.000000 4.000000 5.000000 4.000000 24.63578 7.000000 13.00000 
24.00000 3.000000 3.000000 4.000000 3.000000 -99.0000 3.000000 3.000000 4.000000 3.000000 3.000000 17.85160 5.000000 10.00000 
25.00000 4.000000 4.000000 4.000000 5.000000 3.000000 4.000000 4.000000 5.000000 4.000000 5.000000 23.89709 10.00000 17.00000 
26.00000 7.000000 5.000000 -99.0000 4.000000 3.000000 5.000000 4.000000 4.000000 3.000000 4.000000 25.04398 9.000000 12.00000 
27.00000 5.000000 3.000000 4.000000 5.000000 5.000000 4.000000 5.000000 3.000000 4.000000 4.000000 26.97043 8.000000 12.00000 
28.00000 -99.0000 2.000000 1.000000 1.000000 2.000000 2.000000 1.000000 3.000000 2.000000 2.000000 16.53614 7.000000 6.000000 
29.00000 3.000000 3.000000 3.000000 3.000000 3.000000 3.000000 4.000000 3.000000 2.000000 -99.0000 21.25608 5.000000 6.000000 
30.00000 5.000000 5.000000 7.000000 7.000000 6.000000 6.000000 6.000000 5.000000 5.000000 7.000000 25.21760 13.00000 14.00000 
31.00000 4.000000 4.000000 4.000000 3.000000 4.000000 4.000000 3.000000 4.000000 4.000000 4.000000 26.12963 10.00000 8.000000 
32.00000 5.000000 5.000000 5.000000 6.000000 -99.0000 5.000000 4.000000 4.000000 5.000000 5.000000 26.71428 9.000000 13.00000 
33.00000 3.000000 4.000000 4.000000 3.000000 3.000000 4.000000 4.000000 3.000000 4.000000 4.000000 22.78255 8.000000 14.00000 
34.00000 3.000000 3.000000 4.000000 4.000000 3.000000 3.000000 4.000000 4.000000 4.000000 3.000000 21.09531 9.000000 12.00000 
35.00000 4.000000 3.000000 4.000000 4.000000 4.000000 3.000000 5.000000 4.000000 3.000000 3.000000 25.33081 9.000000 9.000000 
36.00000 3.000000 4.000000 4.000000 3.000000 3.000000 4.000000 4.000000 4.000000 4.000000 3.000000 25.23651 10.00000 5.000000 
37.00000 5.000000 5.000000 4.000000 4.000000 4.000000 4.000000 3.000000 4.000000 3.000000 4.000000 24.15685 11.00000 10.00000 
38.00000 5.000000 4.000000 3.000000 5.000000 4.000000 4.000000 4.000000 3.000000 5.000000 3.000000 23.52682 10.00000 11.00000 
39.00000 5.000000 5.000000 4.000000 4.000000 5.000000 4.000000 5.000000 3.000000 3.000000 3.000000 26.54960 10.00000 12.00000 
40.00000 3.000000 3.000000 4.000000 4.000000 -99.0000 4.000000 4.000000 4.000000 4.000000 4.000000 26.47372 9.000000 15.00000 
41.00000 3.000000 4.000000 4.000000 3.000000 4.000000 4.000000 4.000000 3.000000 3.000000 3.000000 18.97874 8.000000 11.00000 
42.00000 5.000000 4.000000 7.000000 5.000000 5.000000 4.000000 4.000000 4.000000 4.000000 4.000000 22.95724 10.00000 11.00000 
43.00000 4.000000 4.000000 5.000000 3.000000 4.000000 4.000000 -99.0000 5.000000 4.000000 4.000000 25.26635 8.000000 9.000000 
44.00000 5.000000 6.000000 -99.0000 7.000000 -99.0000 6.000000 5.000000 5.000000 -99.0000 4.000000 24.24414 11.00000 14.00000 
45.00000 3.000000 4.000000 3.000000 3.000000 3.000000 3.000000 4.000000 2.000000 2.000000 3.000000 18.17408 9.000000 9.000000 
46.00000 5.000000 4.000000 4.000000 3.000000 3.000000 4.000000 4.000000 5.000000 3.000000 5.000000 21.07105 11.00000 16.00000 
47.00000 4.000000 3.000000 2.000000 3.000000 4.000000 3.000000 3.000000 3.000000 4.000000 3.000000 19.75737 6.000000 7.000000 
48.00000 5.000000 4.000000 -99.0000 6.000000 4.000000 6.000000 5.000000 3.000000 4.000000 3.000000 27.56532 10.00000 10.00000 
49.00000 4.000000 4.000000 3.000000 3.000000 2.000000 4.000000 4.000000 4.000000 2.000000 3.000000 21.70691 7.000000 9.000000 
50.00000 3.000000 4.000000 5.000000 4.000000 4.000000 4.000000 4.000000 3.000000 4.000000 4.000000 22.13664 7.000000 9.000000 
51.00000 3.000000 4.000000 3.000000 3.000000 3.000000 3.000000 3.000000 3.000000 4.000000 3.000000 24.73100 11.00000 9.000000 
52.00000 3.000000 3.000000 4.000000 4.000000 3.000000 4.000000 4.000000 3.000000 3.000000 4.000000 21.73578 6.000000 7.000000 
53.00000 4.000000 6.000000 3.000000 4.000000 4.000000 3.000000 -99.0000 4.000000 4.000000 4.000000 20.58452 8.000000 16.00000 
54.00000 5.000000 3.000000 3.000000 3.000000 3.000000 3.000000 3.000000 4.000000 5.000000 3.000000 21.21407 11.00000 11.00000 
55.00000 4.000000 3.000000 3.000000 3.000000 3.000000 3.000000 3.000000 4.000000 3.000000 3.000000 21.78720 9.000000 13.00000 
56.00000 4.000000 3.000000 5.000000 3.000000 5.000000 3.000000 3.000000 4.000000 4.000000 4.000000 23.21927 7.000000 9.000000 
57.00000 6.000000 5.000000 6.000000 5.000000 4.000000 5.000000 4.000000 6.000000 -99.0000 6.000000 29.09824 12.00000 14.00000 
58.00000 3.000000 4.000000 4.000000 4.000000 4.000000 4.000000 4.000000 3.000000 3.000000 4.000000 22.04733 8.000000 5.000000 
59.00000 4.000000 4.000000 3.000000 3.000000 4.000000 3.000000 4.000000 3.000000 2.000000 2.000000 26.27631 7.000000 13.00000 
60.00000 5.000000 4.000000 4.000000 4.000000 4.000000 4.000000 -99.0000 4.000000 -99.0000 4.000000 19.22542 10.00000 14.00000 
61.00000 4.000000 3.000000 3.000000 3.000000 4.000000 3.000000 4.000000 3.000000 4.000000 4.000000 22.49409 12.00000 11.00000 
62.00000 3.000000 4.000000 3.000000 3.000000 4.000000 2.000000 1.000000 3.000000 3.000000 3.000000 21.12403 9.000000 11.00000 
63.00000 3.000000 2.000000 3.000000 4.000000 4.000000 3.000000 4.000000 3.000000 4.000000 4.000000 18.49525 10.00000 9.000000 
64.00000 5.000000 6.000000 5.000000 6.000000 5.000000 6.000000 5.000000 4.000000 4.000000 4.000000 23.43741 10.00000 16.00000 
65.00000 4.000000 4.000000 4.000000 5.000000 3.000000 3.000000 3.000000 3.000000 3.000000 3.000000 19.78580 7.000000 14.00000 
66.00000 -99.0000 7.000000 5.000000 4.000000 5.000000 4.000000 6.000000 4.000000 -99.0000 -99.0000 24.21227 -99.0000 19.00000 
67.00000 5.000000 4.000000 4.000000 5.000000 3.000000 5.000000 -99.0000 4.000000 4.000000 3.000000 20.21539 11.00000 17.00000 
68.00000 3.000000 3.000000 3.000000 3.000000 3.000000 4.000000 3.000000 4.000000 4.000000 4.000000 20.93342 9.000000 9.000000 
69.00000 2.000000 3.000000 3.000000 3.000000 3.000000 3.000000 3.000000 3.000000 4.000000 3.000000 20.50421 10.00000 12.00000 
70.00000 3.000000 2.000000 3.000000 3.000000 3.000000 3.000000 3.000000 2.000000 2.000000 2.000000 18.31429 6.000000 7.000000 
71.00000 4.000000 4.000000 4.000000 5.000000 3.000000 4.000000 3.000000 4.000000 5.000000 -99.0000 24.39772 13.00000 10.00000 
72.00000 6.000000 4.000000 5.000000 4.000000 4.000000 5.000000 4.000000 6.000000 6.000000 6.000000 24.01944 6.000000 -99.0000 
73.00000 4.000000 4.000000 3.000000 4.000000 4.000000 3.000000 3.000000 5.000000 3.000000 5.000000 23.95050 6.000000 15.00000 
74.00000 5.000000 4.000000 4.000000 4.000000 4.000000 5.000000 4.000000 4.000000 4.000000 5.000000 22.74916 8.000000 13.00000 
75.00000 3.000000 3.000000 4.000000 4.000000 4.000000 4.000000 4.000000 6.000000 7.000000 5.000000 15.76930 9.000000 14.00000 
76.00000 4.000000 5.000000 4.000000 5.000000 5.000000 5.000000 -99.0000 5.000000 4.000000 3.000000 20.37810 9.000000 18.00000 
77.00000 3.000000 3.000000 4.000000 3.000000 3.000000 4.000000 4.000000 4.000000 3.000000 3.000000 20.07441 9.000000 9.000000 
78.00000 3.000000 3.000000 4.000000 3.000000 3.000000 3.000000 4.000000 4.000000 3.000000 3.000000 19.42265 6.000000 11.00000 
79.00000 3.000000 3.000000 3.000000 4.000000 3.000000 3.000000 4.000000 3.000000 3.000000 3.000000 21.45265 10.00000 5.000000 
80.00000 3.000000 3.000000 3.000000 3.000000 3.000000 4.000000 2.000000 5.000000 4.000000 4.000000 18.64405 7.000000 5.000000 
81.00000 3.000000 3.000000 4.000000 4.000000 4.000000 4.000000 3.000000 4.000000 4.000000 4.000000 22.77090 9.000000 12.00000 
82.00000 5.000000 4.000000 -99.0000 4.000000 -99.0000 4.000000 5.000000 3.000000 4.000000 4.000000 19.98208 10.00000 13.00000 
83.00000 4.000000 4.000000 4.000000 4.000000 3.000000 3.000000 4.000000 6.000000 4.000000 4.000000 23.10846 7.000000 11.00000 
84.00000 4.000000 3.000000 3.000000 3.000000 3.000000 4.000000 3.000000 4.000000 3.000000 4.000000 19.10867 8.000000 10.00000 
85.00000 4.000000 5.000000 5.000000 5.000000 5.000000 6.000000 5.000000 4.000000 3.000000 3.000000 21.74342 10.00000 12.00000 
86.00000 3.000000 4.000000 4.000000 4.000000 4.000000 4.000000 3.000000 4.000000 4.000000 4.000000 18.53655 11.00000 11.00000 
87.00000 4.000000 4.000000 6.000000 4.000000 6.000000 5.000000 4.000000 4.000000 3.000000 4.000000 21.39931 8.000000 -99.0000 
88.00000 3.000000 3.000000 3.000000 3.000000 -99.0000 3.000000 3.000000 1.000000 2.000000 3.000000 16.91312 8.000000 7.000000 
89.00000 2.000000 3.000000 3.000000 4.000000 2.000000 3.000000 3.000000 4.000000 4.000000 3.000000 18.64820 8.000000 8.000000 
90.00000 3.000000 3.000000 3.000000 3.000000 3.000000 3.000000 4.000000 5.000000 5.000000 4.000000 24.22429 10.00000 11.00000 
91.00000 -99.0000 6.000000 5.000000 5.000000 6.000000 6.000000 -99.0000 3.000000 4.000000 4.000000 25.81419 10.00000 12.00000 
92.00000 7.000000 7.000000 4.000000 6.000000 7.000000 6.000000 5.000000 5.000000 4.000000 6.000000 26.80780 13.00000 -99.0000 
93.00000 3.000000 -99.0000 3.000000 4.000000 3.000000 4.000000 4.000000 6.000000 4.000000 3.000000 18.61820 7.000000 16.00000 
94.00000 4.000000 4.000000 4.000000 4.000000 4.000000 4.000000 4.000000 4.000000 -99.0000 3.000000 28.65577 11.00000 9.000000 
95.00000 4.000000 4.000000 4.000000 3.000000 3.000000 4.000000 -99.0000 3.000000 4.000000 4.000000 19.56021 9.000000 14.00000 
96.00000 5.000000 3.000000 -99.0000 4.000000 4.000000 5.000000 6.000000 5.000000 5.000000 6.000000 23.89040 9.000000 17.00000 
97.00000 4.000000 3.000000 5.000000 4.000000 4.000000 4.000000 5.000000 4.000000 4.000000 3.000000 21.87339 10.00000 10.00000 
98.00000 4.000000 5.000000 4.000000 4.000000 4.000000 4.000000 3.000000 4.000000 4.000000 3.000000 21.49598 9.000000 11.00000 
99.00000 4.000000 3.000000 4.000000 4.000000 4.000000 3.000000 5.000000 3.000000 3.000000 3.000000 20.71919 10.00000 12.00000 
100.0000 3.000000 -99.0000 4.000000 3.000000 3.000000 3.000000 3.000000 4.000000 4.000000 5.000000 22.35437 8.000000 11.00000 
101.0000 4.000000 4.000000 4.000000 4.000000 4.000000 3.000000 5.000000 2.000000 3.000000 3.000000 23.94512 9.000000 10.00000 
102.0000 4.000000 5.000000 5.000000 4.000000 5.000000 5.000000 6.000000 4.000000 6.000000 5.000000 24.76029 13.00000 17.00000 
103.0000 5.000000 4.000000 4.000000 4.000000 4.000000 4.000000 -99.0000 4.000000 4.000000 4.000000 22.12213 8.000000 18.00000 
104.0000 3.000000 4.000000 5.000000 4.000000 3.000000 4.000000 3.000000 4.000000 4.000000 5.000000 21.14734 9.000000 7.000000 
105.0000 5.000000 4.000000 5.000000 4.000000 4.000000 5.000000 5.000000 4.000000 3.000000 4.000000 21.77812 6.000000 9.000000 
106.0000 4.000000 4.000000 4.000000 4.000000 4.000000 5.000000 5.000000 4.000000 4.000000 4.000000 24.05823 8.000000 14.00000 
107.0000 3.000000 4.000000 -99.0000 4.000000 3.000000 3.000000 5.000000 4.000000 -99.0000 4.000000 21.94543 8.000000 15.00000 
108.0000 3.000000 4.000000 4.000000 3.000000 4.000000 4.000000 4.000000 4.000000 3.000000 4.000000 22.97743 10.00000 11.00000 
109.0000 4.000000 3.000000 3.000000 4.000000 3.000000 3.000000 3.000000 3.000000 4.000000 3.000000 21.19437 6.000000 12.00000 
110.0000 -99.0000 5.000000 -99.0000 4.000000 5.000000 6.000000 6.000000 5.000000 6.000000 5.000000 24.15919 -99.0000 13.00000 
111.0000 3.000000 3.000000 4.000000 4.000000 4.000000 4.000000 3.000000 4.000000 4.000000 4.000000 19.66761 11.00000 14.00000 
112.0000 4.000000 3.000000 3.000000 3.000000 4.000000 3.000000 5.000000 3.000000 3.000000 3.000000 20.79796 8.000000 9.000000 
113.0000 7.000000 7.000000 7.000000 7.000000 7.000000 7.000000 7.000000 5.000000 4.000000 5.000000 22.70973 13.00000 14.00000 
114.0000 4.000000 -99.0000 3.000000 4.000000 4.000000 4.000000 5.000000 3.000000 4.000000 3.000000 24.43634 7.000000 -99.0000 
115.0000 3.000000 3.000000 -99.0000 4.000000 3.000000 4.000000 3.000000 5.000000 -99.0000 -99.0000 22.30459 8.000000 13.00000 
116.0000 4.000000 5.000000 4.000000 4.000000 5.000000 4.000000 4.000000 3.000000 4.000000 3.000000 26.56749 4.000000 16.00000 
117.0000 3.000000 3.000000 2.000000 1.000000 3.000000 2.000000 4.000000 2.000000 3.000000 2.000000 19.71270 9.000000 13.00000 
118.0000 4.000000 5.000000 4.000000 4.000000 4.000000 5.000000 5.000000 3.000000 4.000000 4.000000 26.47911 8.000000 12.00000 
119.0000 4.000000 3.000000 4.000000 4.000000 5.000000 3.000000 5.000000 4.000000 5.000000 4.000000 18.85653 -99.0000 15.00000 
120.0000 3.000000 3.000000 3.000000 2.000000 3.000000 2.000000 2.000000 4.000000 5.000000 5.000000 18.38274 5.000000 15.00000 
121.0000 3.000000 3.000000 3.000000 3.000000 3.000000 3.000000 4.000000 3.000000 4.000000 -99.0000 23.66620 7.000000 10.00000 
122.0000 5.000000 4.000000 4.000000 4.000000 4.000000 4.000000 4.000000 4.000000 3.000000 5.000000 19.63787 -99.0000 12.00000 
123.0000 5.000000 4.000000 5.000000 5.000000 4.000000 6.000000 3.000000 5.000000 5.000000 5.000000 24.58861 8.000000 12.00000 
124.0000 3.000000 4.000000 3.000000 4.000000 3.000000 3.000000 4.000000 3.000000 3.000000 -99.0000 24.79798 10.00000 11.00000 
125.0000 4.000000 7.000000 4.000000 5.000000 3.000000 4.000000 -99.0000 4.000000 3.000000 3.000000 28.04235 9.000000 13.00000 
126.0000 5.000000 6.000000 5.000000 6.000000 5.000000 7.000000 -99.0000 4.000000 4.000000 5.000000 23.43753 7.000000 17.00000 
127.0000 3.000000 4.000000 6.000000 5.000000 4.000000 5.000000 4.000000 6.000000 5.000000 5.000000 23.33613 9.000000 9.000000 
128.0000 3.000000 4.000000 4.000000 3.000000 3.000000 4.000000 4.000000 4.000000 5.000000 4.000000 19.89570 10.00000 14.00000 
129.0000 4.000000 4.000000 -99.0000 4.000000 4.000000 4.000000 3.000000 4.000000 4.000000 4.000000 25.78101 12.00000 11.00000 
130.0000 2.000000 4.000000 4.000000 3.000000 3.000000 3.000000 3.000000 4.000000 3.000000 3.000000 19.36554 9.000000 -99.0000 
131.0000 5.000000 4.000000 -99.0000 5.000000 4.000000 4.000000 4.000000 5.000000 5.000000 5.000000 25.16288 14.00000 10.00000 
132.0000 3.000000 3.000000 3.000000 3.000000 4.000000 4.000000 3.000000 3.000000 3.000000 3.000000 19.59346 7.000000 8.000000 
133.0000 -99.0000 4.000000 4.000000 5.000000 4.000000 5.000000 4.000000 6.000000 6.000000 4.000000 18.84404 10.00000 -99.0000 
134.0000 4.000000 3.000000 3.000000 3.000000 4.000000 3.000000 4.000000 4.000000 3.000000 3.000000 21.35614 8.000000 13.00000 
135.0000 4.000000 3.000000 5.000000 4.000000 4.000000 4.000000 4.000000 5.000000 6.000000 7.000000 22.84311 8.000000 11.00000 
136.0000 6.000000 4.000000 7.000000 6.000000 -99.0000 5.000000 5.000000 4.000000 6.000000 4.000000 22.14936 7.000000 16.00000 
137.0000 5.000000 -99.0000 4.000000 4.000000 4.000000 4.000000 3.000000 4.000000 4.000000 4.000000 21.32666 7.000000 11.00000 
138.0000 4.000000 3.000000 3.000000 3.000000 4.000000 4.000000 4.000000 5.000000 5.000000 4.000000 -99.0000 14.00000 12.00000 
139.0000 4.000000 4.000000 4.000000 4.000000 4.000000 4.000000 3.000000 4.000000 5.000000 4.000000 24.82299 10.00000 11.00000 
140.0000 5.000000 4.000000 5.000000 5.000000 3.000000 4.000000 4.000000 3.000000 3.000000 3.000000 18.08046 9.000000 8.000000 
141.0000 3.000000 3.000000 4.000000 3.000000 3.000000 3.000000 4.000000 3.000000 4.000000 3.000000 21.47974 8.000000 -99.0000 
142.0000 3.000000 -99.0000 3.000000 3.000000 -99.0000 4.000000 4.000000 5.000000 4.000000 4.000000 22.27491 5.000000 13.00000 
143.0000 4.000000 4.000000 -99.0000 3.000000 3.000000 3.000000 3.000000 4.000000 4.000000 5.000000 21.45480 10.00000 14.00000 
144.0000 5.000000 4.000000 3.000000 3.000000 3.000000 3.000000 4.000000 3.000000 3.000000 3.000000 24.72852 7.000000 7.000000 
145.0000 3.000000 4.000000 5.000000 4.000000 4.000000 3.000000 3.000000 4.000000 4.000000 3.000000 19.51916 7.000000 11.00000 
146.0000 4.000000 4.000000 4.000000 4.000000 4.000000 3.000000 3.000000 3.000000 4.000000 3.000000 18.99320 8.000000 10.00000 
147.0000 3.000000 4.000000 4.000000 4.000000 5.000000 3.000000 5.000000 4.000000 -99.0000 5.000000 22.43650 8.000000 17.00000 
148.0000 3.000000 5.000000 3.000000 4.000000 4.000000 3.000000 4.000000 3.000000 3.000000 3.000000 20.00187 13.00000 10.00000 
149.0000 4.000000 4.000000 4.000000 5.000000 7.000000 4.000000 5.000000 4.000000 4.000000 4.000000 25.09638 7.000000 17.00000 
150.0000 5.000000 4.000000 -99.0000 5.000000 3.000000 4.000000 -99.0000 3.000000 5.000000 3.000000 18.42998 9.000000 13.00000 
151.0000 -99.0000 4.000000 4.000000 5.000000 -99.0000 6.000000 5.000000 4.000000 4.000000 3.000000 20.39914 11.00000 13.00000 
152.0000 -99.0000 5.000000 4.000000 4.000000 4.000000 3.000000 -99.0000 7.000000 6.000000 4.000000 24.16393 10.00000 -99.0000 
153.0000 4.000000 4.000000 4.000000 4.000000 -99.0000 5.000000 3.000000 4.000000 4.000000 4.000000 23.92858 8.000000 17.00000 
154.0000 5.000000 7.000000 5.000000 5.000000 4.000000 5.000000 5.000000 4.000000 4.000000 5.000000 24.34005 12.00000 10.00000 
155.0000 4.000000 4.000000 4.000000 3.000000 4.000000 3.000000 4.000000 3.000000 3.000000 3.000000 17.89170 9.000000 11.00000 
156.0000 4.000000 5.000000 4.000000 4.000000 -99.0000 4.000000 3.000000 4.000000 5.000000 5.000000 25.78475 10.00000 18.00000 
157.0000 3.000000 4.000000 4.000000 3.000000 5.000000 3.000000 3.000000 5.000000 3.000000 4.000000 18.89882 10.00000 12.00000 
158.0000 4.000000 3.000000 4.000000 4.000000 4.000000 5.000000 5.000000 4.000000 4.000000 4.000000 21.05688 8.000000 12.00000 
159.0000 3.000000 3.000000 3.000000 3.000000 3.000000 3.000000 3.000000 5.000000 4.000000 4.000000 28.19411 10.00000 12.00000 
160.0000 4.000000 4.000000 5.000000 5.000000 5.000000 5.000000 6.000000 4.000000 5.000000 5.000000 24.16016 13.00000 11.00000 
161.0000 3.000000 3.000000 3.000000 3.000000 3.000000 3.000000 4.000000 3.000000 3.000000 3.000000 18.82421 9.000000 10.00000 
162.0000 3.000000 4.000000 4.000000 4.000000 4.000000 4.000000 3.000000 3.000000 3.000000 4.000000 18.28284 7.000000 12.00000 
163.0000 7.000000 5.000000 6.000000 6.000000 5.000000 7.000000 7.000000 6.000000 5.000000 7.000000 27.27325 11.00000 -99.0000 
164.0000 5.000000 4.000000 6.000000 4.000000 4.000000 6.000000 5.000000 4.000000 5.000000 4.000000 22.50741 5.000000 13.00000 
165.0000 5.000000 4.000000 5.000000 4.000000 3.000000 4.000000 4.000000 4.000000 5.000000 3.000000 21.92996 11.00000 12.00000 
166.0000 3.000000 3.000000 3.000000 4.000000 3.000000 4.000000 4.000000 3.000000 3.000000 3.000000 21.30242 11.00000 8.000000 
167.0000 5.000000 4.000000 4.000000 4.000000 4.000000 5.000000 5.000000 5.000000 3.000000 5.000000 20.26813 9.000000 13.00000 
168.0000 3.000000 4.000000 -99.0000 3.000000 3.000000 3.000000 3.000000 3.000000 3.000000 3.000000 18.60149 8.000000 13.00000 
169.0000 3.000000 3.000000 3.000000 3.000000 4.000000 3.000000 3.000000 3.000000 3.000000 3.000000 23.64345 7.000000 11.00000 
170.0000 5.000000 4.000000 4.000000 3.000000 4.000000 4.000000 4.000000 4.000000 4.000000 5.000000 16.96586 11.00000 14.00000 
171.0000 3.000000 2.000000 3.000000 4.000000 3.000000 3.000000 3.000000 3.000000 4.000000 4.000000 22.10961 8.000000 8.000000 
172.0000 3.000000 3.000000 2.000000 3.000000 3.000000 2.000000 3.000000 2.000000 3.000000 2.000000 19.41813 8.000000 -99.0000 
173.0000 4.000000 5.000000 4.000000 4.000000 5.000000 4.000000 3.000000 4.000000 5.000000 7.000000 24.87519 11.00000 14.00000 
174.0000 5.000000 4.000000 4.000000 4.000000 4.000000 3.000000 5.000000 3.000000 4.000000 -99.0000 24.86619 10.00000 14.00000 
175.0000 4.000000 4.000000 4.000000 4.000000 4.000000 4.000000 4.000000 3.000000 3.000000 -99.0000 24.67310 10.00000 12.00000 
176.0000 5.000000 4.000000 4.000000 4.000000 5.000000 5.000000 4.000000 4.000000 -99.0000 4.000000 24.50915 11.00000 -99.0000 
177.0000 5.000000 5.000000 4.000000 4.000000 3.000000 4.000000 5.000000 4.000000 3.000000 3.000000 -99.0000 9.000000 10.00000 
178.0000 -99.0000 3.000000 4.000000 4.000000 4.000000 4.000000 5.000000 4.000000 4.000000 4.000000 26.00668 6.000000 -99.0000 
179.0000 7.000000 6.000000 7.000000 7.000000 7.000000 7.000000 5.000000 7.000000 7.000000 7.000000 25.84411 9.000000 18.00000 
180.0000 4.000000 3.000000 4.000000 5.000000 4.000000 4.000000 4.000000 5.000000 3.000000 4.000000 22.74825 10.00000 12.00000 
181.0000 4.000000 -99.0000 4.000000 4.000000 4.000000 4.000000 4.000000 4.000000 3.000000 4.000000 22.06466 9.000000 10.00000 
182.0000 3.000000 4.000000 3.000000 3.000000 -99.0000 3.000000 4.000000 5.000000 -99.0000 3.000000 24.47895 -99.0000 15.00000 
183.0000 3.000000 3.000000 3.000000 3.000000 3.000000 3.000000 3.000000 3.000000 4.000000 3.000000 20.91971 8.000000 13.00000 
184.0000 4.000000 4.000000 5.000000 5.000000 4.000000 5.000000 3.000000 4.000000 4.000000 4.000000 22.51798 7.000000 11.00000 
185.0000 3.000000 2.000000 3.000000 4.000000 3.000000 3.000000 4.000000 3.000000 2.000000 -99.0000 20.32475 9.000000 12.00000 
186.0000 5.000000 5.000000 4.000000 5.000000 5.000000 7.000000 4.000000 7.000000 5.000000 5.000000 23.67049 14.00000 20.00000 
187.0000 3.000000 3.000000 3.000000 3.000000 3.000000 3.000000 3.000000 4.000000 3.000000 3.000000 18.91867 10.00000 -99.0000 
188.0000 3.000000 4.000000 3.000000 2.000000 3.000000 4.000000 4.000000 3.000000 3.000000 3.000000 20.28986 7.000000 10.00000 
189.0000 -99.0000 4.000000 4.000000 5.000000 -99.0000 4.000000 -99.0000 6.000000 6.000000 5.000000 16.64158 10.00000 17.00000 
190.0000 3.000000 3.000000 3.000000 3.000000 3.000000 3.000000 4.000000 4.000000 5.000000 5.000000 22.78286 10.00000 16.00000 
191.0000 4.000000 3.000000 4.000000 4.000000 3.000000 4.000000 4.000000 4.000000 4.000000 4.000000 22.89828 8.000000 12.00000 
192.0000 -99.0000 6.000000 4.000000 3.000000 4.000000 4.000000 5.000000 4.000000 5.000000 5.000000 26.61987 7.000000 -99.0000 
193.0000 4.000000 4.000000 5.000000 3.000000 5.000000 4.000000 -99.0000 3.000000 5.000000 4.000000 21.84464 11.00000 15.00000 
194.0000 6.000000 6.000000 -99.0000 4.000000 -99.0000 4.000000 5.000000 5.000000 6.000000 7.000000 22.31293 -99.0000 14.00000 
195.0000 3.000000 3.000000 3.000000 3.000000 3.000000 3.000000 4.000000 2.000000 3.000000 3.000000 21.37027 8.000000 5.000000 
196.0000 -99.0000 4.000000 3.000000 4.000000 5.000000 4.000000 4.000000 5.000000 4.000000 6.000000 21.34904 -99.0000 17.00000 
197.0000 5.000000 7.000000 4.000000 6.000000 4.000000 5.000000 -99.0000 5.000000 -99.0000 5.000000 26.58386 9.000000 14.00000 
198.0000 4.000000 3.000000 4.000000 3.000000 4.000000 3.000000 4.000000 4.000000 4.000000 -99.0000 26.90709 8.000000 13.00000 
199.0000 4.000000 4.000000 4.000000 4.000000 4.000000 4.000000 6.000000 4.000000 -99.0000 4.000000 22.54888 10.00000 19.00000 
200.0000 4.000000 4.000000 4.000000 4.000000 4.000000 4.000000 4.000000 4.000000 5.000000 4.000000 21.61918 9.000000 10.00000 
201.0000 6.000000 5.000000 5.000000 4.000000 5.000000 6.000000 -99.0000 7.000000 5.000000 5.000000 23.71038 8.000000 15.00000 
202.0000 4.000000 3.000000 4.000000 3.000000 4.000000 4.000000 4.000000 3.000000 4.000000 3.000000 23.19615 11.00000 10.00000 
203.0000 3.000000 4.000000 3.000000 3.000000 2.000000 3.000000 3.000000 4.000000 4.000000 4.000000 24.08161 8.000000 9.000000 
204.0000 3.000000 -99.0000 3.000000 4.000000 4.000000 3.000000 -99.0000 4.000000 -99.0000 4.000000 19.99132 11.00000 13.00000 
205.0000 3.000000 4.000000 3.000000 3.000000 2.000000 4.000000 4.000000 3.000000 4.000000 3.000000 22.14107 7.000000 11.00000 
206.0000 6.000000 5.000000 7.000000 6.000000 -99.0000 7.000000 6.000000 6.000000 -99.0000 4.000000 23.66115 -99.0000 20.00000 
207.0000 4.000000 5.000000 4.000000 5.000000 -99.0000 4.000000 5.000000 3.000000 4.000000 5.000000 23.10120 8.000000 19.00000 
208.0000 4.000000 4.000000 4.000000 4.000000 3.000000 4.000000 5.000000 3.000000 3.000000 3.000000 18.22502 6.000000 12.00000 
209.0000 5.000000 4.000000 5.000000 4.000000 -99.0000 5.000000 4.000000 5.000000 4.000000 4.000000 19.48353 7.000000 14.00000 
210.0000 2.000000 3.000000 2.000000 2.000000 2.000000 1.000000 2.000000 3.000000 4.000000 3.000000 20.27045 4.000000 10.00000 
211.0000 4.000000 4.000000 3.000000 4.000000 5.000000 4.000000 4.000000 5.000000 7.000000 5.000000 19.62632 -99.0000 10.00000 
212.0000 5.000000 4.000000 4.000000 4.000000 4.000000 4.000000 3.000000 4.000000 5.000000 4.000000 21.52309 9.000000 9.000000 
213.0000 4.000000 3.000000 3.000000 4.000000 3.000000 4.000000 3.000000 5.000000 5.000000 6.000000 23.86313 10.00000 11.00000 
214.0000 3.000000 4.000000 3.000000 4.000000 4.000000 3.000000 4.000000 3.000000 2.000000 3.000000 22.72196 7.000000 11.00000 
215.0000 4.000000 4.000000 5.000000 4.000000 4.000000 4.000000 4.000000 4.000000 4.000000 4.000000 20.91124 -99.0000 15.00000 
216.0000 4.000000 4.000000 3.000000 4.000000 4.000000 3.000000 4.000000 4.000000 3.000000 4.000000 23.21284 8.000000 14.00000 
217.0000 2.000000 4.000000 3.000000 3.000000 4.000000 3.000000 3.000000 3.000000 3.000000 3.000000 18.53110 8.000000 11.00000 
218.0000 3.000000 3.000000 3.000000 3.000000 4.000000 4.000000 4.000000 4.000000 3.000000 3.000000 22.60402 8.000000 12.00000 
219.0000 3.000000 -99.0000 4.000000 4.000000 4.000000 4.000000 -99.0000 4.000000 -99.0000 3.000000 28.45185 12.00000 13.00000 
220.0000 3.000000 3.000000 3.000000 3.000000 3.000000 3.000000 3.000000 4.000000 4.000000 3.000000 23.81479 8.000000 10.00000 
221.0000 -99.0000 5.000000 4.000000 4.000000 -99.0000 4.000000 5.000000 5.000000 4.000000 4.000000 22.92421 9.000000 14.00000 
222.0000 4.000000 5.000000 6.000000 5.000000 4.000000 5.000000 -99.0000 4.000000 3.000000 5.000000 25.71162 7.000000 11.00000 
223.0000 3.000000 3.000000 4.000000 3.000000 5.000000 4.000000 4.000000 3.000000 4.000000 4.000000 24.52398 5.000000 9.000000 
224.0000 6.000000 -99.0000 4.000000 5.000000 6.000000 4.000000 -99.0000 3.000000 2.000000 3.000000 23.19450 8.000000 15.00000 
225.0000 3.000000 4.000000 2.000000 3.000000 3.000000 3.000000 2.000000 3.000000 3.000000 4.000000 23.53064 7.000000 8.000000 
226.0000 4.000000 6.000000 4.000000 4.000000 4.000000 4.000000 4.000000 5.000000 4.000000 5.000000 28.56965 12.00000 13.00000 
227.0000 3.000000 3.000000 3.000000 3.000000 3.000000 3.000000 3.000000 4.000000 4.000000 4.000000 22.82200 8.000000 12.00000 
228.0000 3.000000 3.000000 3.000000 3.000000 3.000000 3.000000 3.000000 5.000000 5.000000 4.000000 21.52194 8.000000 13.00000 
229.0000 4.000000 -99.0000 4.000000 4.000000 4.000000 3.000000 3.000000 3.000000 4.000000 3.000000 20.96468 -99.0000 10.00000 
230.0000 4.000000 4.000000 5.000000 3.000000 4.000000 4.000000 3.000000 4.000000 4.000000 4.000000 18.74027 9.000000 11.00000 
231.0000 5.000000 4.000000 4.000000 3.000000 3.000000 3.000000 5.000000 5.000000 4.000000 4.000000 27.46283 -99.0000 14.00000 
232.0000 2.000000 3.000000 3.000000 4.000000 4.000000 3.000000 4.000000 3.000000 3.000000 4.000000 23.13340 8.000000 10.00000 
233.0000 4.000000 3.000000 3.000000 3.000000 3.000000 3.000000 4.000000 4.000000 4.000000 4.000000 20.80721 8.000000 14.00000 
234.0000 4.000000 3.000000 4.000000 5.000000 4.000000 5.000000 4.000000 4.000000 4.000000 4.000000 26.34070 8.000000 12.00000 
235.0000 4.000000 3.000000 5.000000 4.000000 4.000000 6.000000 6.000000 5.000000 4.000000 4.000000 26.06068 10.00000 9.000000 
236.0000 5.000000 4.000000 6.000000 4.000000 4.000000 4.000000 4.000000 4.000000 4.000000 4.000000 18.58493 12.00000 11.00000 
237.0000 5.000000 4.000000 4.000000 6.000000 5.000000 5.000000 7.000000 3.000000 4.000000 4.000000 25.80001 11.00000 14.00000 
238.0000 3.000000 3.000000 3.000000 3.000000 3.000000 3.000000 4.000000 3.000000 3.000000 3.000000 20.12370 7.000000 11.00000 
239.0000 3.000000 3.000000 3.000000 3.000000 3.000000 3.000000 5.000000 3.000000 4.000000 4.000000 24.13123 11.00000 9.000000 
240.0000 6.000000 4.000000 5.000000 6.000000 4.000000 6.000000 6.000000 5.000000 5.000000 4.000000 22.84673 8.000000 16.00000 
241.0000 -99.0000 -99.0000 5.000000 4.000000 4.000000 5.000000 5.000000 4.000000 4.000000 3.000000 25.11762 8.000000 11.00000 
242.0000 -99.0000 2.000000 -99.0000 3.000000 4.000000 3.000000 -99.0000 3.000000 3.000000 3.000000 20.31832 7.000000 13.00000 
243.0000 4.000000 4.000000 4.000000 4.000000 5.000000 4.000000 5.000000 4.000000 3.000000 4.000000 19.43283 8.000000 9.000000 
244.0000 3.000000 3.000000 6.000000 4.000000 3.000000 4.000000 3.000000 6.000000 6.000000 6.000000 20.71353 9.000000 12.00000 
245.0000 3.000000 3.000000 3.000000 4.000000 3.000000 4.000000 4.000000 3.000000 3.000000 4.000000 16.45490 11.00000 11.00000 
246.0000 5.000000 3.000000 4.000000 4.000000 3.000000 5.000000 4.000000 6.000000 6.000000 5.000000 24.30736 10.00000 11.00000 
247.0000 -99.0000 4.000000 3.000000 5.000000 3.000000 5.000000 4.000000 5.000000 4.000000 6.000000 20.60156 10.00000 16.00000 
248.0000 4.000000 3.000000 4.000000 3.000000 3.000000 3.000000 3.000000 3.000000 4.000000 3.000000 20.81923 8.000000 -99.0000 
249.0000 5.000000 4.000000 -99.0000 4.000000 2.000000 3.000000 3.000000 6.000000 5.000000 6.000000 24.94869 7.000000 14.00000 
250.0000 4.000000 5.000000 -99.0000 4.000000 4.000000 4.000000 3.000000 4.000000 5.000000 5.000000 22.42185 10.00000 13.00000 
251.0000 4.000000 3.000000 4.000000 4.000000 4.000000 4.000000 5.000000 5.000000 4.000000 4.000000 18.48554 9.000000 14.00000 
252.0000 4.000000 4.000000 4.000000 4.000000 3.000000 4.000000 4.000000 4.000000 3.000000 4.000000 19.68772 9.000000 10.00000 
253.0000 4.000000 4.000000 4.000000 4.000000 4.000000 5.000000 6.000000 4.000000 5.000000 5.000000 -99.0000 8.000000 12.00000 
254.0000 4.000000 4.000000 4.000000 4.000000 4.000000 4.000000 3.000000 4.000000 4.000000 3.000000 24.39929 9.000000 12.00000 
255.0000 6.000000 5.000000 5.000000 4.000000 7.000000 5.000000 5.000000 4.000000 4.000000 4.000000 23.17382 11.00000 14.00000 
256.0000 -99.0000 5.000000 6.000000 6.000000 7.000000 5.000000 7.000000 7.000000 7.000000 7.000000 25.27472 11.00000 20.00000 
257.0000 4.000000 3.000000 4.000000 4.000000 4.000000 5.000000 6.000000 4.000000 -99.0000 4.000000 23.56889 9.000000 14.00000 
258.0000 4.000000 4.000000 4.000000 4.000000 4.000000 3.000000 4.000000 3.000000 3.000000 3.000000 23.17398 8.000000 10.00000 
259.0000 5.000000 7.000000 6.000000 5.000000 5.000000 6.000000 4.000000 7.000000 6.000000 7.000000 29.24501 9.000000 15.00000 
260.0000 4.000000 4.000000 4.000000 3.000000 4.000000 3.000000 3.000000 7.000000 6.000000 6.000000 22.50811 8.000000 12.00000 
261.0000 3.000000 3.000000 2.000000 2.000000 3.000000 3.000000 3.000000 3.000000 3.000000 2.000000 21.68111 -99.0000 5.000000 
262.0000 3.000000 -99.0000 4.000000 5.000000 3.000000 4.000000 -99.0000 3.000000 -99.0000 4.000000 25.37035 12.00000 7.000000 
263.0000 4.000000 4.000000 5.000000 4.000000 4.000000 4.000000 5.000000 3.000000 4.000000 4.000000 18.06477 9.000000 12.00000 
264.0000 6.000000 4.000000 -99.0000 5.000000 -99.0000 5.000000 4.000000 6.000000 5.000000 5.000000 -99.0000 11.00000 16.00000 
265.0000 5.000000 7.000000 7.000000 6.000000 7.000000 7.000000 5.000000 6.000000 6.000000 5.000000 21.39206 11.00000 20.00000 
266.0000 3.000000 3.000000 4.000000 3.000000 3.000000 3.000000 3.000000 3.000000 4.000000 3.000000 19.01434 7.000000 12.00000 
267.0000 5.000000 6.000000 7.000000 4.000000 4.000000 6.000000 6.000000 5.000000 5.000000 5.000000 28.96363 10.00000 13.00000 
268.0000 3.000000 4.000000 2.000000 3.000000 3.000000 3.000000 3.000000 3.000000 3.000000 3.000000 18.76787 6.000000 10.00000 
269.0000 3.000000 3.000000 3.000000 3.000000 3.000000 3.000000 3.000000 3.000000 3.000000 3.000000 19.81696 8.000000 12.00000 
270.0000 3.000000 4.000000 4.000000 4.000000 3.000000 4.000000 4.000000 3.000000 3.000000 3.000000 18.95175 8.000000 12.00000 
271.0000 -99.0000 3.000000 -99.0000 3.000000 3.000000 4.000000 6.000000 4.000000 5.000000 4.000000 -99.0000 12.00000 11.00000 
272.0000 5.000000 5.000000 4.000000 4.000000 -99.0000 5.000000 -99.0000 6.000000 -99.0000 7.000000 26.14529 10.00000 14.00000 
273.0000 3.000000 3.000000 3.000000 3.000000 3.000000 3.000000 3.000000 3.000000 3.000000 3.000000 21.71291 4.000000 10.00000 
274.0000 3.000000 3.000000 4.000000 3.000000 5.000000 3.000000 4.000000 3.000000 4.000000 4.000000 23.00076 10.00000 12.00000 
275.0000 4.000000 7.000000 4.000000 4.000000 5.000000 5.000000 4.000000 4.000000 5.000000 6.000000 23.23790 9.000000 13.00000 
276.0000 4.000000 3.000000 3.000000 2.000000 2.000000 3.000000 3.000000 3.000000 3.000000 3.000000 20.63783 10.00000 7.000000 
277.0000 3.000000 2.000000 3.000000 2.000000 2.000000 3.000000 3.000000 3.000000 3.000000 3.000000 20.55173 9.000000 5.000000 
278.0000 4.000000 5.000000 4.000000 4.000000 4.000000 4.000000 4.000000 3.000000 4.000000 3.000000 23.42990 7.000000 15.00000 
279.0000 4.000000 4.000000 5.000000 5.000000 5.000000 5.000000 5.000000 4.000000 4.000000 3.000000 26.22986 8.000000 10.00000 
280.0000 4.000000 4.000000 5.000000 4.000000 4.000000 4.000000 4.000000 4.000000 -99.0000 -99.0000 21.99471 -99.0000 13.00000 
281.0000 4.000000 5.000000 4.000000 4.000000 6.000000 4.000000 4.000000 4.000000 4.000000 4.000000 23.25326 10.00000 8.000000 
282.0000 3.000000 3.000000 3.000000 4.000000 3.000000 3.000000 3.000000 4.000000 3.000000 3.000000 19.72938 9.000000 14.00000 
283.0000 4.000000 4.000000 3.000000 3.000000 3.000000 3.000000 4.000000 4.000000 5.000000 4.000000 24.15652 10.00000 15.00000 
284.0000 5.000000 4.000000 5.000000 5.000000 4.000000 6.000000 -99.0000 4.000000 -99.0000 5.000000 25.48799 12.00000 15.00000 
285.0000 6.000000 6.000000 5.000000 5.000000 5.000000 6.000000 5.000000 3.000000 4.000000 4.000000 24.57880 -99.0000 11.00000 
286.0000 3.000000 4.000000 4.000000 4.000000 4.000000 4.000000 3.000000 5.000000 4.000000 5.000000 23.55232 11.00000 10.00000 
287.0000 3.000000 4.000000 5.000000 3.000000 4.000000 4.000000 4.000000 4.000000 4.000000 5.000000 25.36069 -99.0000 9.000000 
288.0000 7.000000 3.000000 3.000000 3.000000 4.000000 3.000000 4.000000 3.000000 3.000000 1.000000 21.68175 10.00000 11.00000 
289.0000 3.000000 3.000000 3.000000 4.000000 3.000000 3.000000 3.000000 5.000000 5.000000 4.000000 21.57711 7.000000 12.00000 
290.0000 3.000000 3.000000 3.000000 3.000000 3.000000 3.000000 1.000000 3.000000 4.000000 4.000000 21.74912 9.000000 8.000000 
291.0000 4.000000 4.000000 4.000000 5.000000 -99.0000 4.000000 4.000000 4.000000 -99.0000 4.000000 23.40836 9.000000 15.00000 
292.0000 5.000000 4.000000 4.000000 4.000000 -99.0000 3.000000 4.000000 5.000000 4.000000 4.000000 21.10471 -99.0000 16.00000 
293.0000 4.000000 4.000000 4.000000 4.000000 4.000000 4.000000 4.000000 6.000000 4.000000 4.000000 24.70936 9.000000 9.000000 
294.0000 4.000000 4.000000 3.000000 3.000000 4.000000 3.000000 3.000000 3.000000 4.000000 4.000000 24.87935 13.00000 13.00000 
295.0000 4.000000 4.000000 4.000000 4.000000 4.000000 4.000000 5.000000 3.000000 4.000000 4.000000 23.49802 6.000000 11.00000 
296.0000 3.000000 4.000000 4.000000 4.000000 4.000000 4.000000 3.000000 3.000000 3.000000 4.000000 22.07098 11.00000 8.000000 
297.0000 3.000000 3.000000 2.000000 3.000000 3.000000 3.000000 3.000000 4.000000 3.000000 -99.0000 20.30876 5.000000 6.000000 
298.0000 6.000000 7.000000 7.000000 6.000000 4.000000 6.000000 5.000000 5.000000 7.000000 5.000000 23.53242 13.00000 13.00000 
299.0000 4.000000 -99.0000 4.000000 5.000000 6.000000 4.000000 4.000000 3.000000 3.000000 3.000000 23.97933 8.000000 10.00000 
300.0000 4.000000 4.000000 4.000000 4.000000 3.000000 4.000000 5.000000 3.000000 4.000000 3.000000 21.42222 7.000000 11.00000 
301.0000 5.000000 4.000000 5.000000 5.000000 4.000000 5.000000 4.000000 4.000000 4.000000 4.000000 20.15270 10.00000 15.00000 
302.0000 3.000000 3.000000 3.000000 3.000000 -99.0000 4.000000 4.000000 4.000000 4.000000 4.000000 21.82201 -99.0000 13.00000 
303.0000 6.000000 3.000000 4.000000 4.000000 -99.0000 4.000000 4.000000 3.000000 4.000000 4.000000 22.72065 8.000000 15.00000 
304.0000 3.000000 -99.0000 4.000000 3.000000 3.000000 4.000000 4.000000 4.000000 4.000000 5.000000 19.49552 9.000000 13.00000 
305.0000 4.000000 5.000000 4.000000 4.000000 4.000000 4.000000 4.000000 3.000000 3.000000 3.000000 18.51266 7.000000 12.00000 
306.0000 4.000000 5.000000 4.000000 4.000000 4.000000 4.000000 4.000000 4.000000 3.000000 4.000000 26.45624 10.00000 10.00000 
307.0000 4.000000 5.000000 4.000000 4.000000 -99.0000 3.000000 4.000000 4.000000 -99.0000 4.000000 23.28660 -99.0000 14.00000 
308.0000 5.000000 5.000000 5.000000 6.000000 5.000000 4.000000 7.000000 5.000000 3.000000 -99.0000 23.24501 8.000000 14.00000 
309.0000 3.000000 4.000000 3.000000 4.000000 3.000000 3.000000 3.000000 4.000000 3.000000 3.000000 22.37886 6.000000 11.00000 
310.0000 2.000000 3.000000 3.000000 3.000000 3.000000 3.000000 3.000000 3.000000 3.000000 4.000000 22.63246 9.000000 8.000000 
311.0000 4.000000 4.000000 4.000000 4.000000 4.000000 4.000000 4.000000 4.000000 5.000000 3.000000 22.25525 11.00000 14.00000 
312.0000 4.000000 5.000000 5.000000 4.000000 4.000000 5.000000 5.000000 5.000000 -99.0000 5.000000 24.28696 11.00000 17.00000 
313.0000 3.000000 3.000000 4.000000 4.000000 4.000000 3.000000 4.000000 3.000000 3.000000 3.000000 23.63570 9.000000 9.000000 
314.0000 4.000000 5.000000 4.000000 4.000000 3.000000 5.000000 6.000000 5.000000 5.000000 4.000000 22.90946 8.000000 10.00000 
315.0000 5.000000 4.000000 3.000000 4.000000 4.000000 3.000000 4.000000 3.000000 3.000000 3.000000 26.15955 10.00000 7.000000 
316.0000 3.000000 4.000000 4.000000 4.000000 3.000000 4.000000 5.000000 4.000000 4.000000 -99.0000 21.37649 11.00000 -99.0000 
317.0000 4.000000 4.000000 3.000000 5.000000 5.000000 4.000000 -99.0000 4.000000 3.000000 3.000000 24.37269 10.00000 13.00000 
318.0000 3.000000 3.000000 3.000000 4.000000 3.000000 3.000000 3.000000 4.000000 4.000000 4.000000 19.58700 -99.0000 10.00000 
319.0000 4.000000 3.000000 3.000000 3.000000 -99.0000 3.000000 -99.0000 4.000000 4.000000 3.000000 22.99874 10.00000 16.00000 
320.0000 5.000000 5.000000 5.000000 4.000000 5.000000 3.000000 5.000000 4.000000 -99.0000 4.000000 20.92084 10.00000 15.00000 
321.0000 3.000000 3.000000 3.000000 3.000000 5.000000 3.000000 3.000000 5.000000 4.000000 4.000000 19.10679 8.000000 11.00000 
322.0000 3.000000 4.000000 2.000000 3.000000 3.000000 3.000000 3.000000 4.000000 3.000000 3.000000 23.49031 8.000000 8.000000 
323.0000 4.000000 4.000000 4.000000 4.000000 4.000000 4.000000 4.000000 4.000000 4.000000 4.000000 22.74394 10.00000 13.00000 
324.0000 6.000000 5.000000 5.000000 5.000000 5.000000 6.000000 4.000000 5.000000 3.000000 5.000000 26.80921 10.00000 12.00000 
325.0000 -99.0000 3.000000 3.000000 4.000000 4.000000 3.000000 2.000000 4.000000 3.000000 4.000000 21.91004 -99.0000 13.00000 
326.0000 7.000000 5.000000 -99.0000 4.000000 5.000000 5.000000 4.000000 4.000000 4.000000 4.000000 24.44406 7.000000 18.00000 
327.0000 3.000000 4.000000 3.000000 4.000000 4.000000 4.000000 3.000000 3.000000 4.000000 4.000000 22.87383 7.000000 11.00000 
328.0000 6.000000 5.000000 -99.0000 4.000000 3.000000 3.000000 4.000000 4.000000 3.000000 4.000000 23.99605 8.000000 15.00000 
329.0000 7.000000 4.000000 4.000000 4.000000 4.000000 4.000000 4.000000 3.000000 -99.0000 4.000000 23.51378 9.000000 13.00000 
330.0000 3.000000 4.000000 4.000000 5.000000 4.000000 4.000000 6.000000 4.000000 6.000000 5.000000 18.83825 8.000000 15.00000 
331.0000 5.000000 4.000000 4.000000 4.000000 5.000000 4.000000 3.000000 4.000000 4.000000 4.000000 24.20840 10.00000 10.00000 
332.0000 3.000000 4.000000 5.000000 4.000000 5.000000 4.000000 5.000000 4.000000 4.000000 5.000000 22.67438 5.000000 10.00000 
333.0000 4.000000 4.000000 4.000000 4.000000 7.000000 4.000000 3.000000 4.000000 3.000000 3.000000 22.18528 7.000000 9.000000 
334.0000 5.000000 5.000000 4.000000 5.000000 -99.0000 4.000000 -99.0000 3.000000 3.000000 3.000000 19.66440 12.00000 13.00000 
335.0000 4.000000 4.000000 4.000000 4.000000 4.000000 4.000000 4.000000 4.000000 4.000000 5.000000 24.00357 11.00000 11.00000 
336.0000 3.000000 3.000000 2.000000 3.000000 3.000000 2.000000 2.000000 3.000000 4.000000 2.000000 21.16213 7.000000 10.00000 
337.0000 5.000000 5.000000 5.000000 4.000000 5.000000 5.000000 4.000000 5.000000 5.000000 5.000000 23.29596 10.00000 11.00000 
338.0000 4.000000 -99.0000 5.000000 4.000000 3.000000 4.000000 4.000000 3.000000 4.000000 4.000000 26.34189 11.00000 6.000000 
339.0000 4.000000 4.000000 4.000000 4.000000 3.000000 4.000000 5.000000 7.000000 5.000000 -99.0000 26.54655 9.000000 12.00000 
340.0000 3.000000 4.000000 4.000000 5.000000 3.000000 4.000000 4.000000 3.000000 4.000000 4.000000 18.52200 8.000000 9.000000 
341.0000 3.000000 4.000000 -99.0000 3.000000 4.000000 3.000000 -99.0000 3.000000 3.000000 3.000000 26.64482 8.000000 10.00000 
342.0000 3.000000 3.000000 4.000000 3.000000 -99.0000 4.000000 3.000000 4.000000 3.000000 3.000000 20.88457 -99.0000 13.00000 
343.0000 3.000000 4.000000 4.000000 3.000000 3.000000 4.000000 3.000000 3.000000 4.000000 4.000000 17.29720 10.00000 9.000000 
344.0000 6.000000 5.000000 6.000000 6.000000 -99.0000 6.000000 -99.0000 7.000000 -99.0000 7.000000 19.96144 10.00000 14.00000 
345.0000 5.000000 4.000000 4.000000 4.000000 4.000000 4.000000 3.000000 4.000000 4.000000 4.000000 19.80550 9.000000 15.00000 
346.0000 2.000000 3.000000 3.000000 4.000000 3.000000 3.000000 3.000000 5.000000 3.000000 4.000000 18.66913 10.00000 9.000000 
347.0000 4.000000 4.000000 3.000000 3.000000 4.000000 3.000000 4.000000 2.000000 2.000000 2.000000 22.09927 10.00000 11.00000 
348.0000 2.000000 -99.0000 4.000000 3.000000 3.000000 3.000000 4.000000 3.000000 5.000000 4.000000 23.20570 9.000000 11.00000 
349.0000 3.000000 4.000000 4.000000 4.000000 4.000000 4.000000 6.000000 4.000000 5.000000 4.000000 25.63167 9.000000 14.00000 
350.0000 -99.0000 4.000000 5.000000 4.000000 3.000000 5.000000 3.000000 5.000000 6.000000 5.000000 18.15687 10.00000 -99.0000 
351.0000 5.000000 3.000000 4.000000 4.000000 7.000000 4.000000 4.000000 4.000000 4.000000 4.000000 20.76588 -99.0000 11.00000 
352.0000 3.000000 3.000000 3.000000 2.000000 3.000000 3.000000 2.000000 2.000000 3.000000 4.000000 20.30529 5.000000 9.000000 
353.0000 3.000000 -99.0000 4.000000 3.000000 4.000000 3.000000 4.000000 4.000000 -99.0000 4.000000 21.53220 10.00000 16.00000 
354.0000 4.000000 4.000000 4.000000 4.000000 4.000000 4.000000 5.000000 4.000000 3.000000 3.000000 21.96525 12.00000 10.00000 
355.0000 -99.0000 4.000000 5.000000 4.000000 5.000000 5.000000 4.000000 4.000000 4.000000 4.000000 26.57456 -99.0000 12.00000 
356.0000 5.000000 6.000000 7.000000 7.000000 7.000000 7.000000 -99.0000 5.000000 7.000000 -99.0000 25.25721 10.00000 19.00000 
357.0000 5.000000 4.000000 4.000000 4.000000 4.000000 4.000000 4.000000 4.000000 4.000000 4.000000 27.67318 -99.0000 10.00000 
358.0000 4.000000 4.000000 4.000000 4.000000 3.000000 4.000000 3.000000 6.000000 4.000000 5.000000 21.42744 8.000000 13.00000 
359.0000 3.000000 -99.0000 3.000000 3.000000 3.000000 3.000000 3.000000 3.000000 -99.0000 3.000000 17.26780 6.000000 9.000000 
360.0000 7.000000 4.000000 4.000000 4.000000 3.000000 4.000000 4.000000 5.000000 4.000000 4.000000 24.84445 9.000000 15.00000 
361.0000 4.000000 5.000000 4.000000 5.000000 5.000000 4.000000 4.000000 4.000000 5.000000 4.000000 28.18202 8.000000 10.00000 
362.0000 5.000000 3.000000 4.000000 4.000000 5.000000 4.000000 6.000000 3.000000 4.000000 4.000000 21.44494 12.00000 8.000000 
363.0000 -99.0000 -99.0000 3.000000 3.000000 4.000000 4.000000 4.000000 3.000000 3.000000 3.000000 24.57716 12.00000 14.00000 
364.0000 -99.0000 4.000000 4.000000 4.000000 3.000000 4.000000 4.000000 4.000000 4.000000 4.000000 20.51018 9.000000 13.00000 
365.0000 3.000000 4.000000 3.000000 4.000000 3.000000 4.000000 3.000000 3.000000 3.000000 3.000000 18.55536 7.000000 8.000000 
366.0000 3.000000 3.000000 3.000000 3.000000 4.000000 3.000000 3.000000 3.000000 3.000000 3.000000 21.36228 7.000000 6.000000 
367.0000 3.000000 3.000000 3.000000 3.000000 3.000000 3.000000 3.000000 3.000000 4.000000 4.000000 20.35199 7.000000 8.000000 
368.0000 4.000000 5.000000 4.000000 5.000000 4.000000 4.000000 5.000000 3.000000 3.000000 4.000000 22.94448 10.00000 16.00000 
369.0000 4.000000 3.000000 4.000000 4.000000 4.000000 4.000000 4.000000 5.000000 3.000000 3.000000 21.68256 9.000000 12.00000 
370.0000 5.000000 4.000000 5.000000 5.000000 4.000000 5.000000 4.000000 4.000000 5.000000 5.000000 21.85472 11.00000 13.00000 
371.0000 -99.0000 4.000000 -99.0000 4.000000 4.000000 5.000000 -99.0000 3.000000 4.000000 4.000000 24.67512 11.00000 13.00000 
372.0000 -99.0000 5.000000 -99.0000 5.000000 7.000000 6.000000 3.000000 4.000000 4.000000 4.000000 23.35275 -99.0000 14.00000 
373.0000 4.000000 5.000000 4.000000 6.000000 5.000000 6.000000 6.000000 4.000000 3.000000 5.000000 21.92670 13.00000 13.00000 
374.0000 4.000000 4.000000 -99.0000 4.000000 4.000000 4.000000 3.000000 3.000000 -99.0000 4.000000 17.11172 8.000000 12.00000 
375.0000 -99.0000 -99.0000 5.000000 4.000000 4.000000 4.000000 4.000000 4.000000 5.000000 5.000000 25.04058 9.000000 13.00000 
376.0000 4.000000 4.000000 5.000000 5.000000 6.000000 7.000000 5.000000 5.000000 7.000000 6.000000 22.88829 13.00000 12.00000 
377.0000 3.000000 3.000000 3.000000 3.000000 3.000000 3.000000 4.000000 4.000000 3.000000 3.000000 21.62041 7.000000 12.00000 
378.0000 4.000000 5.000000 3.000000 3.000000 4.000000 3.000000 4.000000 4.000000 4.000000 4.000000 23.87662 8.000000 11.00000 
379.0000 6.000000 5.000000 4.000000 4.000000 5.000000 5.000000 5.000000 4.000000 3.000000 4.000000 21.45007 7.000000 18.00000 
380.0000 5.000000 5.000000 4.000000 6.000000 -99.0000 5.000000 4.000000 3.000000 -99.0000 3.000000 19.67901 8.000000 13.00000 
381.0000 5.000000 2.000000 4.000000 4.000000 4.000000 4.000000 3.000000 4.000000 4.000000 4.000000 20.67648 10.00000 13.00000 
382.0000 3.000000 3.000000 3.000000 3.000000 4.000000 3.000000 4.000000 3.000000 3.000000 3.000000 22.08634 10.00000 12.00000 
383.0000 4.000000 4.000000 3.000000 3.000000 4.000000 3.000000 3.000000 4.000000 4.000000 -99.0000 31.51633 11.00000 8.000000 
384.0000 5.000000 5.000000 6.000000 5.000000 5.000000 5.000000 4.000000 5.000000 4.000000 5.000000 23.07256 12.00000 10.00000 
385.0000 7.000000 5.000000 4.000000 5.000000 5.000000 4.000000 4.000000 5.000000 5.000000 5.000000 25.35162 9.000000 18.00000 
386.0000 6.000000 4.000000 -99.0000 5.000000 4.000000 4.000000 4.000000 5.000000 3.000000 4.000000 18.19025 10.00000 14.00000 
387.0000 3.000000 4.000000 4.000000 6.000000 5.000000 4.000000 5.000000 4.000000 5.000000 4.000000 24.79166 6.000000 13.00000 
388.0000 3.000000 3.000000 3.000000 4.000000 3.000000 3.000000 3.000000 4.000000 3.000000 4.000000 20.85594 11.00000 7.000000 
389.0000 5.000000 4.000000 4.000000 5.000000 4.000000 5.000000 5.000000 3.000000 3.000000 3.000000 23.77337 8.000000 -99.0000 
390.0000 7.000000 3.000000 6.000000 4.000000 5.000000 4.000000 4.000000 7.000000 4.000000 7.000000 23.47189 9.000000 15.00000 
391.0000 6.000000 -99.0000 5.000000 5.000000 5.000000 5.000000 5.000000 4.000000 4.000000 5.000000 22.60879 10.00000 14.00000 
392.0000 3.000000 4.000000 3.000000 4.000000 5.000000 3.000000 4.000000 3.000000 3.000000 3.000000 22.40342 10.00000 8.000000 
393.0000 3.000000 4.000000 -99.0000 4.000000 3.000000 4.000000 4.000000 5.000000 4.000000 4.000000 25.17773 4.000000 11.00000 
394.0000 -99.0000 4.000000 3.000000 3.000000 -99.0000 3.000000 -99.0000 5.000000 5.000000 5.000000 15.22752 6.000000 9.000000 
395.0000 3.000000 4.000000 3.000000 3.000000 4.000000 3.000000 3.000000 5.000000 5.000000 5.000000 23.17504 8.000000 9.000000 
396.0000 3.000000 3.000000 -99.0000 5.000000 4.000000 4.000000 -99.0000 4.000000 7.000000 -99.0000 25.28069 12.00000 14.00000 
397.0000 5.000000 4.000000 4.000000 4.000000 6.000000 4.000000 4.000000 5.000000 4.000000 4.000000 19.86713 11.00000 16.00000 
398.0000 5.000000 5.000000 4.000000 5.000000 6.000000 5.000000 4.000000 4.000000 3.000000 4.000000 23.68340 -99.0000 12.00000 
399.0000 3.000000 3.000000 3.000000 3.000000 3.000000 3.000000 3.000000 4.000000 4.000000 3.000000 22.12737 6.000000 15.00000 
400.0000 3.000000 3.000000 3.000000 4.000000 3.000000 3.000000 4.000000 2.000000 3.000000 -99.0000 18.58237 9.000000 9.000000 
